((("Exception" .
   [0 0 0 0 1 0 0 0 0])
  ("right" .
   [10 0 0 0 0])
  ("left" .
   [9 0 0 0])
  ("find" .
   [6 0 0 0])
  ("newstring" .
   [4 0 0 0 0 0 0 0 0])
  ("pline" .
   [12 0 0 0 0])
  ("edit_line" .
   [0 0 0 0 0 1 0 0 0])
  ("has_op" .
   [1 0 0 0 0 0])
  ("ops" .
   [1 0 0])
  ("div" .
   [8 0 0])
  ("mul" .
   [10 0 0])
  ("exp" .
   [13 0 0])
  ("minus" .
   [7 0 0 0 0])
  ("plus" .
   [9 0 0 0])
  ("sub_result" .
   [0 0 0 0 0 0 2 0 0 0])
  ("get_value" .
   [2 0 0 0 0 0 0 0 0])
  ("result" .
   [7 0 0 0 0 0])
  ("piece" .
   [4 0 0 0 0])
  ("get_result" .
   [6 0 0 0 0 0 0 0 0 0])
  ("parsed_line" .
   [29 0 0 0 0 0 3 2 1 0 0])
  ("parse" .
   [13 0 0 1 0])
  ("incremented" .
   [1 0 0 0 0 0 0 0 0 0 0])
  ("has_err" .
   [4 0 0 0 0 0 0])
  ("calculate" .
   [0 0 0 0 0 0 1 0 0])
  ("err" .
   [2 0 0])
  ("MULOP" .
   [1 0 0 0 0])
  ("ADDOP" .
   [2 0 0 0 0])
  ("push" .
   [4 0 0 0])
  ("pieces" .
   [18 0 0 0 0 0])
  ("eval" .
   [2 0 0 0])
  ("j" .
   [10])
  ("fo" .
   [3 0])
  ("curr_digits" .
   [1 0 1 0 0 0 0 0 0 0 0])
  ("get_file_lines" .
   [0 0 0 0 0 0 0 0 1 0 0 0 0 0])
  ("True" .
   [0 0 0 1])
  ("DIGIT" .
   [4 0 0 0 0])
  ("bracket_level" .
   [0 0 0 0 0 1 0 2 0 0 0 0 0])
  ("char" .
   [6 0 0 0])
  ("id" .
   [0 1])
  ("strip" .
   [3 0 0 0 0])
  ("ret" .
   [2 0 0])
  ("line" .
   [32 0 0 0])
  ("lines" .
   [5 0 0 0 0])
  ("readlines" .
   [1 0 0 0 0 0 0 0 0])
  ("f" .
   [2])
  ("filename" .
   [1 0 0 0 0 0 0 0])
  ("close" .
   [3 1 0 0 0])
  ("encode" .
   [2 0 0 0 0 0])
  ("resp" .
   [7 0 0 0])
  ("send" .
   [1 0 0 0])
  ("parse_msg" .
   [0 0 0 0 0 1 0 0 0])
  ("NAME" .
   [1 0 0 0])
  ("trim" .
   [1 0 0 0])
  ("ID" .
   [1 0])
  ("decode" .
   [5 0 0 0 0 0])
  ("msg" .
   [7 0 0])
  ("recv" .
   [0 1 0 0])
  ("s" .
   [3])
  ("post" .
   [1 0 0 0])
  ("rID" .
   [1 0 0])
  ("text" .
   [1 0 0 0])
  ("get" .
   [1 0 0])
  ("i" .
   [58])
  ("THREADS" .
   [4 0 0 0 0 0 0])
  ("append" .
   [5 0 0 0 0 0])
  ("thread" .
   [1 0 0 0 0 0])
  ("Thread" .
   [3 0 0 0 0 0])
  ("hello" .
   [2 0 0 0 0])
  ("join" .
   [3 0 0 0])
  ("target" .
   [1 0 0 0 0 0])
  ("thd" .
   [6 0 0])
  ("CURRENT_THREADS" .
   [2 0 1 0 0 0 0 0 0 0 0 0 0 0 0])
  ("SIGINT" .
   [1 0 0 0 0 0])
  ("AssertionError" .
   [0 1 0 0 0 0 0 0 0 0 0 0 0 0])
  ("client" .
   [3 0 0 0 0 0])
  ("clientsock" .
   [3 0 0 0 0 0 0 0 0 0])
  ("print_map" .
   [1 0 0 0 0 0 0 0 0])
  ("MAP" .
   [2 0 0])
  ("sock" .
   [2 0 0 0])
  ("data" .
   [4 0 0 0])
  ("start" .
   [1 0 0 0 0])
  ("sendall" .
   [1 0 0 0 0 0 0])))
